-286.157 320.786
-285.147 322.029
-282.090 325.549
-278.022 330.301
-276.203 332.441
-272.802 336.336
-268.845 341.039
-263.537 347.250
-259.291 352.245
-253.532 358.778
-251.601 361.136
-247.184 364.110
-242.887 365.929
-240.546 366.599
-238.830 367.071
-235.537 367.185
-232.024 366.625
-229.538 366.130
-226.914 365.167
-225.118 364.290
-221.315 363.618
-217.958 363.897
-215.466 364.962
-213.674 365.963
-211.944 367.395
-210.622 368.916
-209.289 371.450
-208.966 373.654
-209.327 377.155
-210.123 379.903
-211.897 382.767
-214.747 385.356
-217.965 386.449
-222.355 386.517
-227.009 385.117
-229.984 382.769
-232.256 381.127
-235.179 378.831
-236.074 378.070
-239.921 374.483
-242.257 371.759
-243.406 370.508
-247.096 366.131
-251.601 361.131
-253.532 358.778
-259.291 352.245
-263.537 347.250
-268.845 341.039
-272.802 336.336
-276.208 332.442
-278.022 330.301
-282.090 325.549
-285.147 322.029
-286.157 320.786
-288.564 319.038
-290.815 316.678
-293.326 313.636
-294.201 312.342
-295.590 309.772
-296.415 307.894
-296.728 306.095
-296.857 302.806
-296.223 300.543
-295.038 298.414
-292.866 296.610
-290.374 296.273
-287.806 296.933
-285.491 298.357
-284.333 299.460
-283.511 300.945
-282.851 303.138
-282.719 305.417
-282.803 306.993
-283.029 308.691
-284.109 311.747
-285.693 314.640
-286.384 316.514
-286.359 318.304
-286.157 320.786
